misc_data/testing_data/ACinst_GUF003_202108122119_RA.ict
97, 1001
Wagenhaeuser, Thomas
Goethe-University Frankfurt, Institute for Atmospheric and Environmental Sciences
AirCore Atmospheric Sampler
HEMERA campaign Kiruna 2021
1, 1
2021, 08, 13, 2023, 01, 23
0
Stop_UTC, seconds, Time_Stop, stop UTC time of day in seconds
15
1, 1, 1, 1, 1, 1, 1, 1, 1, 1, 1, 1, 1, 1, 1
-9999, -9999, -9999, -9999, -9999, -9999, -9999, -9999, -9999, -9999, -9999, -9999, -9999, -9999, -9999
Start_UTC, seconds, Time_Start, start UTC time of day in seconds
Mid_UTC, seconds, Time_Mid, mean UTC time of day in seconds
co2_cal, ppm, CO2_cal, Calibrated CO2 dry mole fraction X2007 scale
ch4_cal, ppb, CH4_cal, Calibrated CH4 dry mole fraction X2004A scale
co_cal, ppb, CO_cal, Calibrated CO dry mole fraction X2014A scale
core_index, integer, Sample_flag, AirCore sample flag
top_mix_index, integer, Top_fill_flag, Top fill gas correction flag
bot_mix_index, integer, Bottom_fill_flag, Bottom fill gas correction flag
profile_index, integer, AC_profile_flag, Retained final AirCore profile flag
cal_index, integer, Cal_gas_flag, Calibration gas flag
co2_raw, ppm, CO2_raw, Raw CO2
ch4_raw, ppb, CH4_raw, Raw CH4
co_raw, ppb, CO_raw, Raw CO
h2o, percent, H2O_perc, Percent water vapor in air
h2o_co, percent, H2O_perc_CO, Percent water vapor in air from CO absorption
3
SPECIAL_COMMENTS: AirCore is comprised of 7 total sections from AirCore inlet to Analyzer inlet. Those that are used in analysis are labeled as "MEAS_SECT_[number]_[description]" in normal comments below.
Section dimensions are Length(m), Diameter(m), Porosity (1=empty), CV and can be used for AirCore reanalysis.
See ASSOCIATED DATA for details.
65
MEAS_SECT_3_len: 20
MEAS_SECT_3_dia: 0.0076
MEAS_SECT_3_por: 1
MEAS_SECT_3_CV: -9999
MEAS_SECT_3_name: AC
MEAS_SECT_4_len: 40
MEAS_SECT_4_dia: 0.0036
MEAS_SECT_4_por: 1
MEAS_SECT_4_CV: -9999
MEAS_SECT_4_name: AC
MEAS_SECT_5_len: 40
MEAS_SECT_5_dia: 0.00176
MEAS_SECT_5_por: 1
MEAS_SECT_5_CV: -9999
MEAS_SECT_5_name: AC
MEAS_SECT_6_len: 0.03
MEAS_SECT_6_dia: 0.0028
MEAS_SECT_6_por: 1
MEAS_SECT_6_CV: -9999
MEAS_SECT_6_name: Valve
MEAS_SECT_7_len: 1.5
MEAS_SECT_7_dia: 0.002677
MEAS_SECT_7_por: 1
MEAS_SECT_7_CV: -9999
MEAS_SECT_7_name: Tube
STANDARD_SCALES: x2019 CO2 scale, x2004a CH4 scale, x2014a CO scale
FILL_STD_ID: D162484
CAL_STD_ID: D162492
CHASE_STD_ID: D162484
FILL_STANDARD_VALUE: 407.36 CO2, 1228.6 CH4, 1436.41 CO
CAL_STANDARD_VALUE: 405.73 CO2, 1995.69 CH4, 154.92 CO
CHASE_STANDARD_VALUE: 407.36 CO2, 1228.6 CH4, 1436.41 CO
ANALYZER_SLOPE_CORRECTION: 1.0042 CO2, 0.9944 CH4, 1 CO
ANALYZER_OFFSET_CORRECTION: -1.6032 CO2, 10.0988 CH4, 18.0 CO
MEAS_ORIENTATION: Top of AirCore analyzed first
AIRCORE_ID: GUF003
PROFILE_ID: AC202108122119_GUF003
PI_CONTACT_INFO: Altenhoeferallee 1, 60438 Frankfurt am Main, Germany; email:wagenhaeuser@iau.uni-frankfurt.de
PLATFORM: Recovered Helium Weather Balloon Flight String
LOCATION: Sample launch (time, lat, lon, alt, press): 12-Aug-2021 21:19:03UTC, 67.88865N, 21.08479W, 331.0masl, 972.0mb
Sample recovery (time, lat, lon, alt, press): 13-Aug-2021 03:01:41UTC, 68.06526N, 21.14661W, 549.0masl, 945.83mb
ASSOCIATED_DATA: ACmet_GUF003_202108122119_RA.ict, Picarro_data
INSTRUMENT_INFO: Picarro CFKADS2106 4-channel Cavity Ring Down Spectrometer G2401: CO2, CH4, CO, H2O
DATA_INFO: Raw and calibrated AirCore profile data
UNCERTAINTY: 0.03 ppm CO2, 1 ppb CH4, 7 ppb CO
ULOD_FLAG: -7777
ULOD_VALUE: N/A
LLOD_FLAG: -8888
LLOD_VALUE: N/A
DM_CONTACT_INFO: Wagenhaeuser, Thomas, wagenhaeuser@iau.uni-frankfurt.de
PROJECT_INFO: AirCore Atmospheric Sampler, https://www.goethe-university-frankfurt.de/77442748/AirCore
STIPULATIONS_ON_USE: Use of these data requires prior approval from PI
OTHER_COMMENTS: 
Trace gas species interpolated to CO2 time axis.
core_index     (1 = designates AirCore sample, 0 = otherwise); 
top_mix_index  (1 = designates TOP portion of AirCore sample corrected from fill gas mixing, 0 = otherwise); 
bot_mix_index  (1 = designates BOTTOM portion of AirCore sample corrected from fill/push gas mixing, 0 = otherwise); 
profile_index  (1 = portion of core_index retained by PI and reported in final AirCore profile, 0 = otherwise); 
cal_index      (1 = calibration period, 0 = otherwise); 
START_FG: 2021-08-13 06:03:01.123527
START_AC: 2021-08-13 06:03:37.421536
FG_FRACT_AREA: 36.29227
REVISION: RA
RA: Prelim. Data
Stop_UTC,Start_UTC,Mid_UTC,co2_cal,ch4_cal,co_cal,core_index,top_mix_index,bot_mix_index,profile_index,cal_index,co2_raw,ch4_raw,co_raw,h2o,h2o_co
[from data line 5901]
 21011.81, 21011.08, 21011.45,  406.686, 1229.975,  1455.50,        0,        0,        0,        0,        0,  406.582, 1226.746,  1437.50,   0.0034,    -9999
 21012.03, 21011.81, 21011.92,  406.685, 1229.998,  1455.69,        0,        0,        0,        0,        0,  406.580, 1226.769,  1437.69,   0.0033,    -9999
 21012.52, 21012.03, 21012.28,  406.689, 1230.049,  1456.12,        0,        0,        0,        0,        0,  406.584, 1226.820,  1438.12,   0.0032,    -9999
 21013.41, 21012.52, 21012.97,  406.696, 1230.001,  1456.89,        0,        0,        0,        0,        0,  406.591, 1226.772,  1438.89,   0.0029,    -9999
 21014.14, 21013.41, 21013.78,  406.702, 1229.962,  1458.39,        0,        0,        0,        0,        0,  406.597, 1226.733,  1440.39,   0.0027,    -9999
 21014.35, 21014.14, 21014.24,  406.703, 1229.951,  1458.84,        0,        0,        0,        0,        0,  406.599, 1226.721,  1440.84,   0.0027,    -9999
 21014.85, 21014.35, 21014.60,  406.704, 1229.924,  1459.86,        0,        0,        0,        0,        0,  406.600, 1226.695,  1441.86,   0.0026,    -9999
 21015.73, 21014.85, 21015.29,  406.705, 1229.913,  1461.68,        0,        0,        0,        0,        0,  406.601, 1226.684,  1443.68,   0.0025,    -9999
 21016.45, 21015.73, 21016.09,  406.707, 1229.904,  1460.72,        0,        0,        0,        0,        0,  406.602, 1226.674,  1442.72,   0.0025,    -9999
 21016.67, 21016.45, 21016.56,  406.707, 1229.901,  1460.43,        0,        0,        0,        0,        0,  406.602, 1226.672,  1442.43,   0.0024,    -9999
 21017.16, 21016.67, 21016.92,  406.705, 1229.895,  1459.77,        0,        0,        0,        0,        0,  406.601, 1226.666,  1441.77,   0.0024,    -9999
 21018.06, 21017.16, 21017.61,  406.702, 1229.912,  1458.57,        0,        0,        0,        0,        0,  406.597, 1226.683,  1440.57,   0.0023,    -9999
 21018.79, 21018.06, 21018.42,  406.699, 1229.926,  1454.05,        0,        0,        0,        0,        0,  406.595, 1226.697,  1436.05,   0.0023,    -9999
 21019.00, 21018.79, 21018.90,  406.698, 1229.930,  1452.72,        0,        0,        0,        0,        0,  406.594, 1226.701,  1434.72,   0.0023,    -9999
 21019.50, 21019.00, 21019.25,  406.698, 1229.940,  1449.68,        0,        0,        0,        0,        0,  406.594, 1226.710,  1431.68,   0.0023,    -9999
 21020.38, 21019.50, 21019.94,  406.699, 1229.929,  1444.21,        0,        0,        0,        0,        0,  406.594, 1226.700,  1426.21,   0.0024,    -9999
 21021.11, 21020.38, 21020.75,  406.699, 1229.921,  1448.27,        0,        0,        0,        0,        0,  406.594, 1226.692,  1430.27,   0.0024,    -9999
 21021.32, 21021.11, 21021.22,  406.699, 1229.919,  1449.47,        0,        0,        0,        0,        0,  406.594, 1226.689,  1431.47,   0.0024,    -9999
 21021.82, 21021.32, 21021.57,  406.691, 1229.913,  1452.25,        0,        0,        0,        0,        0,  406.587, 1226.684,  1434.25,   0.0023,    -9999
 21022.70, 21021.82, 21022.26,  406.678, 1229.898,  1457.19,        0,        0,        0,        0,        0,  406.574, 1226.669,  1439.19,   0.0021,    -9999
 21023.44, 21022.70, 21023.07,  406.667, 1229.886,  1456.93,        0,        0,        0,        0,        0,  406.563, 1226.657,  1438.93,   0.0020,    -9999
 21023.65, 21023.44, 21023.54,  406.664, 1229.883,  1456.85,        0,        0,        0,        0,        0,  406.560, 1226.653,  1438.85,   0.0020,    -9999
 21024.14, 21023.65, 21023.89,  406.671, 1229.874,  1456.67,        0,        0,        0,        0,        0,  406.567, 1226.645,  1438.67,   0.0019,    -9999
 21025.03, 21024.14, 21024.58,  406.684, 1229.849,  1456.36,        0,        0,        0,        0,        0,  406.579, 1226.619,  1438.36,   0.0019,    -9999
 21025.75, 21025.03, 21025.39,  406.694, 1229.828,  1456.27,        0,        0,        0,        0,        0,  406.590, 1226.598,  1438.27,   0.0018,    -9999
 21025.96, 21025.75, 21025.86,  406.697, 1229.822,  1456.25,        0,        0,        0,        0,        0,  406.593, 1226.592,  1438.25,   0.0018,    -9999
 21026.45, 21025.96, 21026.21,  406.693, 1229.807,  1456.19,        0,        0,        0,        0,        0,  406.588, 1226.578,  1438.19,   0.0019,    -9999
 21027.35, 21026.45, 21026.90,  406.685, 1229.913,  1456.08,        0,        0,        0,        0,        0,  406.581, 1226.684,  1438.08,   0.0019,    -9999
 21028.07, 21027.35, 21027.71,  406.679, 1229.999,  1454.37,        0,        0,        0,        0,        0,  406.574, 1226.771,  1436.37,   0.0019,    -9999
 21028.29, 21028.07, 21028.18,  406.677, 1230.026,  1453.84,        0,        0,        0,        0,        0,  406.572, 1226.797,  1435.84,   0.0020,    -9999
 21028.78, 21028.29, 21028.54,  406.673, 1230.084,  1452.67,        0,        0,        0,        0,        0,  406.569, 1226.856,  1434.67,   0.0020,    -9999
 21029.68, 21028.78, 21029.23,  406.667, 1230.009,  1450.55,        0,        0,        0,        0,        0,  406.563, 1226.780,  1432.55,   0.0020,    -9999
 21030.41, 21029.68, 21030.05,  406.663, 1229.948,  1452.28,        0,        0,        0,        0,        0,  406.558, 1226.718,  1434.28,   0.0020,    -9999
 21030.62, 21030.41, 21030.52,  406.661, 1229.930,  1452.79,        0,        0,        0,        0,        0,  406.557, 1226.700,  1434.79,   0.0020,    -9999
 21031.12, 21030.62, 21030.87,  406.669, 1229.888,  1453.96,        0,        0,        0,        0,        0,  406.565, 1226.658,  1435.96,   0.0021,    -9999
 21032.02, 21031.12, 21031.57,  406.684, 1229.943,  1456.09,        0,        0,        0,        0,        0,  406.579, 1226.713,  1438.09,   0.0022,    -9999
 21032.75, 21032.02, 21032.38,  406.695, 1229.987,  1455.63,        0,        0,        0,        0,        0,  406.591, 1226.758,  1437.63,   0.0024,    -9999
 21032.96, 21032.75, 21032.86,  406.699, 1230.000,  1455.50,        0,        0,        0,        0,        0,  406.594, 1226.771,  1437.50,   0.0025,    -9999
 21033.46, 21032.96, 21033.21,  406.693, 1230.030,  1455.19,        0,        0,        0,        0,        0,  406.589, 1226.802,  1437.19,   0.0028,    -9999
 21034.35, 21033.46, 21033.91,  406.683, 1229.995,  1454.63,        0,        0,        0,        0,        0,  406.578, 1226.767,  1436.63,   0.0033,    -9999
 21035.08, 21034.35, 21034.72,  406.675, 1229.967,  1451.81,        0,        0,        0,        0,        0,  406.570, 1226.738,  1433.81,   0.0037,    -9999
 21035.30, 21035.08, 21035.19,  406.672, 1229.959,  1450.97,        0,        0,        0,        0,        0,  406.568, 1226.729,  1432.97,   0.0037,    -9999
 21035.80, 21035.30, 21035.55,  406.676, 1229.939,  1449.05,        0,        0,        0,        0,        0,  406.572, 1226.710,  1431.05,   0.0038,    -9999
 21036.68, 21035.80, 21036.24,  406.684, 1229.886,  1445.64,        0,        0,        0,        0,        0,  406.579, 1226.657,  1427.64,   0.0040,    -9999
 21037.41, 21036.68, 21037.05,  406.690, 1229.842,  1443.98,        0,        0,        0,        0,        0,  406.585, 1226.612,  1425.98,   0.0041,    -9999
 21037.62, 21037.41, 21037.52,  406.692, 1229.829,  1443.50,        0,        0,        0,        0,        0,  406.587, 1226.599,  1425.50,   0.0041,    -9999
 21038.14, 21037.62, 21037.88,  406.698, 1229.798,  1442.33,        0,        0,        0,        0,        0,  406.593, 1226.568,  1424.33,   0.0039,    -9999
 21039.03, 21038.14, 21038.59,  406.709, 1229.821,  1440.33,        0,        0,        0,        0,        0,  406.604, 1226.591,  1422.33,   0.0037,    -9999
 21039.76, 21039.03, 21039.39,  406.718, 1229.840,  1442.96,        0,        0,        0,        0,        0,  406.613, 1226.610,  1424.96,   0.0035,    -9999
 21039.97, 21039.76, 21039.86,  406.720, 1229.845,  1443.73,        0,        0,        0,        0,        0,  406.616, 1226.615,  1425.73,   0.0036,    -9999
 21040.46, 21039.97, 21040.21,  406.721, 1229.858,  1445.50,        0,        0,        0,        0,        0,  406.617, 1226.628,  1427.50,   0.0037,    -9999
 21041.34, 21040.46, 21040.90,  406.723, 1229.835,  1448.70,        0,        0,        0,        0,        0,  406.618, 1226.605,  1430.70,   0.0040,    -9999
 21042.08, 21041.34, 21041.71,  406.725, 1229.815,  1451.55,        0,        0,        0,        0,        0,  406.620, 1226.585,  1433.55,   0.0042,    -9999
 21042.29, 21042.08, 21042.18,  406.725, 1229.810,  1452.38,        0,        0,        0,        0,        0,  406.620, 1226.580,  1434.38,   0.0039,    -9999
 21042.78, 21042.29, 21042.54,  406.721, 1229.797,  1454.30,        0,        0,        0,        0,        0,  406.616, 1226.567,  1436.30,   0.0033,    -9999
 21043.67, 21042.78, 21043.22,  406.714, 1229.816,  1457.73,        0,        0,        0,        0,        0,  406.609, 1226.586,  1439.73,   0.0022,    -9999
 21044.39, 21043.67, 21044.03,  406.708, 1229.831,  1452.67,        0,        0,        0,        0,        0,  406.604, 1226.601,  1434.67,   0.0013,    -9999
 21044.60, 21044.39, 21044.50,  406.706, 1229.836,  1451.15,        0,        0,        0,        0,        0,  406.602, 1226.606,  1433.15,   0.0015,    -9999
 21045.10, 21044.60, 21044.85,  406.702, 1229.846,  1447.70,        0,        0,        0,        0,        0,  406.598, 1226.616,  1429.70,   0.0018,    -9999
 21045.98, 21045.10, 21045.54,  406.696, 1229.847,  1441.49,        0,        0,        0,        0,        0,  406.591, 1226.618,  1423.49,   0.0024,    -9999
 21046.71, 21045.98, 21046.34,  406.690, 1229.849,  1447.11,        0,        0,        0,        0,        0,  406.585, 1226.619,  1429.11,   0.0029,    -9999
 21046.92, 21046.71, 21046.82,  406.688, 1229.849,  1448.76,        0,        0,        0,        0,        0,  406.584, 1226.619,  1430.76,   0.0029,    -9999
 21047.42, 21046.92, 21047.17,  406.691, 1229.850,  1452.56,        0,        0,        0,        0,        0,  406.587, 1226.620,  1434.56,   0.0028,    -9999
 21048.30, 21047.42, 21047.86,  406.696, 1229.848,  1459.36,        0,        0,        0,        0,        0,  406.592, 1226.618,  1441.36,   0.0027,    -9999
 21049.02, 21048.30, 21048.66,  406.701, 1229.846,  1454.92,        0,        0,        0,        0,        0,  406.596, 1226.616,  1436.92,   0.0027,    -9999
 21049.23, 21049.02, 21049.13,  406.702, 1229.846,  1453.62,        0,        0,        0,        0,        0,  406.598, 1226.616,  1435.62,   0.0027,    -9999
 21049.73, 21049.23, 21049.48,  406.692, 1229.844,  1450.57,        0,        0,        0,        0,        0,  406.588, 1226.615,  1432.57,   0.0028,    -9999
 21050.62, 21049.73, 21050.17,  406.674, 1229.844,  1445.11,        0,        0,        0,        0,        0,  406.569, 1226.614,  1427.11,   0.0029,    -9999
 21051.34, 21050.62, 21050.98,  406.659, 1229.844,  1446.02,        0,        0,        0,        0,        0,  406.555, 1226.614,  1428.02,   0.0030,    -9999
 21051.55, 21051.34, 21051.44,  406.655, 1229.844,  1446.28,        0,        0,        0,        0,        0,  406.551, 1226.614,  1428.28,   0.0028,    -9999
 21052.04, 21051.55, 21051.80,  406.661, 1229.843,  1446.90,        0,        0,        0,        0,        0,  406.556, 1226.613,  1428.90,   0.0025,    -9999
 21052.93, 21052.04, 21052.49,  406.671, 1229.850,  1448.01,        0,        0,        0,        0,        0,  406.567, 1226.621,  1430.01,   0.0018,    -9999
 21053.66, 21052.93, 21053.29,  406.680, 1229.856,  1449.85,        0,        0,        0,        0,        0,  406.576, 1226.627,  1431.85,   0.0013,    -9999
 21053.87, 21053.66, 21053.76,  406.683, 1229.858,  1450.39,        0,        0,        0,        0,        0,  406.578, 1226.628,  1432.39,   0.0015,    -9999
 21054.37, 21053.87, 21054.12,  406.688, 1229.862,  1451.63,        0,        0,        0,        0,        0,  406.584, 1226.632,  1433.63,   0.0018,    -9999
 21055.25, 21054.37, 21054.81,  406.698, 1229.884,  1453.87,        0,        0,        0,        0,        0,  406.593, 1226.655,  1435.87,   0.0024,    -9999
 21055.98, 21055.25, 21055.62,  406.706, 1229.902,  1456.32,        0,        0,        0,        0,        0,  406.601, 1226.673,  1438.32,   0.0029,    -9999
 21056.19, 21055.98, 21056.09,  406.708, 1229.908,  1457.05,        0,        0,        0,        0,        0,  406.604, 1226.678,  1439.05,   0.0030,    -9999
 21056.69, 21056.19, 21056.44,  406.705, 1229.920,  1458.71,        0,        0,        0,        0,        0,  406.600, 1226.691,  1440.71,   0.0032,    -9999
 21057.58, 21056.69, 21057.13,  406.698, 1229.968,  1461.71,        0,        0,        0,        0,        0,  406.594, 1226.739,  1443.71,   0.0035,    -9999
 21058.30, 21057.58, 21057.94,  406.693, 1230.007,  1458.05,        0,        0,        0,        0,        0,  406.589, 1226.778,  1440.05,   0.0038,    -9999
 21058.52, 21058.30, 21058.41,  406.691, 1230.018,  1456.95,        0,        0,        0,        0,        0,  406.587, 1226.789,  1438.95,   0.0037,    -9999
 21059.01, 21058.52, 21058.77,  406.685, 1230.045,  1454.45,        0,        0,        0,        0,        0,  406.581, 1226.816,  1436.45,   0.0035,    -9999
 21059.90, 21059.01, 21059.46,  406.673, 1230.051,  1449.96,        0,        0,        0,        0,        0,  406.569, 1226.823,  1431.96,   0.0030,    -9999
 21060.63, 21059.90, 21060.27,  406.664, 1230.057,  1448.97,        0,        0,        0,        0,        0,  406.559, 1226.828,  1430.97,   0.0027,    -9999
 21060.85, 21060.63, 21060.74,  406.661, 1230.059,  1448.68,        0,        0,        0,        0,        0,  406.556, 1226.830,  1430.68,   0.0027,    -9999
 21061.34, 21060.85, 21061.10,  406.666, 1230.062,  1448.01,        0,        0,        0,        0,        0,  406.561, 1226.834,  1430.01,   0.0029,    -9999
 21062.23, 21061.34, 21061.78,  406.675, 1230.039,  1446.82,        0,        0,        0,        0,        0,  406.570, 1226.811,  1428.82,   0.0032,    -9999
 21062.95, 21062.23, 21062.59,  406.682, 1230.020,  1447.01,        0,        0,        0,        0,        0,  406.577, 1226.792,  1429.01,   0.0035,    -9999
 21063.17, 21062.95, 21063.06,  406.684, 1230.015,  1447.06,        0,        0,        0,        0,        0,  406.579, 1226.786,  1429.06,   0.0036,    -9999
 21063.66, 21063.17, 21063.41,  406.682, 1230.002,  1447.19,        0,        0,        0,        0,        0,  406.578, 1226.773,  1429.19,   0.0038,    -9999
 21064.55, 21063.66, 21064.10,  406.679, 1229.938,  1447.43,        0,        0,        0,        0,        0,  406.574, 1226.708,  1429.43,   0.0041,    -9999
 21065.29, 21064.55, 21064.92,  406.676, 1229.884,  1448.40,        0,        0,        0,        0,        0,  406.572, 1226.655,  1430.40,   0.0044,    -9999
 21065.50, 21065.29, 21065.39,  406.675, 1229.869,  1448.69,        0,        0,        0,        0,        0,  406.571, 1226.639,  1430.69,   0.0043,    -9999
 21065.99, 21065.50, 21065.75,  406.678, 1229.833,  1449.34,        0,        0,        0,        0,        0,  406.573, 1226.604,  1431.34,   0.0041,    -9999
 21066.88, 21065.99, 21066.44,  406.682, 1229.890,  1450.51,        0,        0,        0,        0,        0,  406.578, 1226.660,  1432.51,   0.0038,    -9999
 21067.62, 21066.88, 21067.25,  406.685, 1229.936,  1450.01,        0,        0,        0,        0,        0,  406.581, 1226.707,  1432.01,   0.0035,    -9999
 21067.83, 21067.62, 21067.72,  406.686, 1229.950,  1449.86,        0,        0,        0,        0,        0,  406.582, 1226.720,  1431.86,   0.0036,    -9999
 21068.32, 21067.83, 21068.08,  406.685, 1229.981,  1449.53,        0,        0,        0,        0,        0,  406.580, 1226.752,  1431.53,   0.0036,    -9999
