misc_data/testing_data/ACinst_GUF003_202108122119_RA.ict
97, 1001
Wagenhaeuser, Thomas
Goethe-University Frankfurt, Institute for Atmospheric and Environmental Sciences
AirCore Atmospheric Sampler
HEMERA campaign Kiruna 2021
1, 1
2021, 08, 13, 2023, 01, 23
0
Stop_UTC, seconds, Time_Stop, stop UTC time of day in seconds
15
1, 1, 1, 1, 1, 1, 1, 1, 1, 1, 1, 1, 1, 1, 1
-9999, -9999, -9999, -9999, -9999, -9999, -9999, -9999, -9999, -9999, -9999, -9999, -9999, -9999, -9999
Start_UTC, seconds, Time_Start, start UTC time of day in seconds
Mid_UTC, seconds, Time_Mid, mean UTC time of day in seconds
co2_cal, ppm, CO2_cal, Calibrated CO2 dry mole fraction X2007 scale
ch4_cal, ppb, CH4_cal, Calibrated CH4 dry mole fraction X2004A scale
co_cal, ppb, CO_cal, Calibrated CO dry mole fraction X2014A scale
core_index, integer, Sample_flag, AirCore sample flag
top_mix_index, integer, Top_fill_flag, Top fill gas correction flag
bot_mix_index, integer, Bottom_fill_flag, Bottom fill gas correction flag
profile_index, integer, AC_profile_flag, Retained final AirCore profile flag
cal_index, integer, Cal_gas_flag, Calibration gas flag
co2_raw, ppm, CO2_raw, Raw CO2
ch4_raw, ppb, CH4_raw, Raw CH4
co_raw, ppb, CO_raw, Raw CO
h2o, percent, H2O_perc, Percent water vapor in air
h2o_co, percent, H2O_perc_CO, Percent water vapor in air from CO absorption
3
SPECIAL_COMMENTS: AirCore is comprised of 7 total sections from AirCore inlet to Analyzer inlet. Those that are used in analysis are labeled as "MEAS_SECT_[number]_[description]" in normal comments below.
Section dimensions are Length(m), Diameter(m), Porosity (1=empty), CV and can be used for AirCore reanalysis.
See ASSOCIATED DATA for details.
65
MEAS_SECT_3_len: 20
MEAS_SECT_3_dia: 0.0076
MEAS_SECT_3_por: 1
MEAS_SECT_3_CV: -9999
MEAS_SECT_3_name: AC
MEAS_SECT_4_len: 40
MEAS_SECT_4_dia: 0.0036
MEAS_SECT_4_por: 1
MEAS_SECT_4_CV: -9999
MEAS_SECT_4_name: AC
MEAS_SECT_5_len: 40
MEAS_SECT_5_dia: 0.00176
MEAS_SECT_5_por: 1
MEAS_SECT_5_CV: -9999
MEAS_SECT_5_name: AC
MEAS_SECT_6_len: 0.03
MEAS_SECT_6_dia: 0.0028
MEAS_SECT_6_por: 1
MEAS_SECT_6_CV: -9999
MEAS_SECT_6_name: Valve
MEAS_SECT_7_len: 1.5
MEAS_SECT_7_dia: 0.002677
MEAS_SECT_7_por: 1
MEAS_SECT_7_CV: -9999
MEAS_SECT_7_name: Tube
STANDARD_SCALES: x2019 CO2 scale, x2004a CH4 scale, x2014a CO scale
FILL_STD_ID: D162484
CAL_STD_ID: D162492
CHASE_STD_ID: D162484
FILL_STANDARD_VALUE: 407.36 CO2, 1228.6 CH4, 1436.41 CO
CAL_STANDARD_VALUE: 405.73 CO2, 1995.69 CH4, 154.92 CO
CHASE_STANDARD_VALUE: 407.36 CO2, 1228.6 CH4, 1436.41 CO
ANALYZER_SLOPE_CORRECTION: 1.0042 CO2, 0.9944 CH4, 1 CO
ANALYZER_OFFSET_CORRECTION: -1.6032 CO2, 10.0988 CH4, 18.0 CO
MEAS_ORIENTATION: Top of AirCore analyzed first
AIRCORE_ID: GUF003
PROFILE_ID: AC202108122119_GUF003
PI_CONTACT_INFO: Altenhoeferallee 1, 60438 Frankfurt am Main, Germany; email:wagenhaeuser@iau.uni-frankfurt.de
PLATFORM: Recovered Helium Weather Balloon Flight String
LOCATION: Sample launch (time, lat, lon, alt, press): 12-Aug-2021 21:19:03UTC, 67.88865N, 21.08479W, 331.0masl, 972.0mb
Sample recovery (time, lat, lon, alt, press): 13-Aug-2021 03:01:41UTC, 68.06526N, 21.14661W, 549.0masl, 945.83mb
ASSOCIATED_DATA: ACmet_GUF003_202108122119_RA.ict, Picarro_data
INSTRUMENT_INFO: Picarro CFKADS2106 4-channel Cavity Ring Down Spectrometer G2401: CO2, CH4, CO, H2O
DATA_INFO: Raw and calibrated AirCore profile data
UNCERTAINTY: 0.03 ppm CO2, 1 ppb CH4, 7 ppb CO
ULOD_FLAG: -7777
ULOD_VALUE: N/A
LLOD_FLAG: -8888
LLOD_VALUE: N/A
DM_CONTACT_INFO: Wagenhaeuser, Thomas, wagenhaeuser@iau.uni-frankfurt.de
PROJECT_INFO: AirCore Atmospheric Sampler, https://www.goethe-university-frankfurt.de/77442748/AirCore
STIPULATIONS_ON_USE: Use of these data requires prior approval from PI
OTHER_COMMENTS: 
Trace gas species interpolated to CO2 time axis.
core_index     (1 = designates AirCore sample, 0 = otherwise); 
top_mix_index  (1 = designates TOP portion of AirCore sample corrected from fill gas mixing, 0 = otherwise); 
bot_mix_index  (1 = designates BOTTOM portion of AirCore sample corrected from fill/push gas mixing, 0 = otherwise); 
profile_index  (1 = portion of core_index retained by PI and reported in final AirCore profile, 0 = otherwise); 
cal_index      (1 = calibration period, 0 = otherwise); 
START_FG: 2021-08-13 06:03:01.123527
START_AC: 2021-08-13 06:03:37.421536
FG_FRACT_AREA: 36.29227
REVISION: RA
RA: Prelim. Data
Stop_UTC,Start_UTC,Mid_UTC,co2_cal,ch4_cal,co_cal,core_index,top_mix_index,bot_mix_index,profile_index,cal_index,co2_raw,ch4_raw,co_raw,h2o,h2o_co
[from data line 6201]
 21186.08, 21185.35, 21185.71,  406.677, 1229.692,  1454.58,        0,        0,        0,        0,        0,  406.573, 1226.461,  1436.58,   0.0036,    -9999
 21186.29, 21186.08, 21186.18,  406.679, 1229.709,  1455.17,        0,        0,        0,        0,        0,  406.575, 1226.478,  1437.17,   0.0034,    -9999
 21186.78, 21186.29, 21186.54,  406.678, 1229.748,  1456.55,        0,        0,        0,        0,        0,  406.574, 1226.518,  1438.55,   0.0030,    -9999
 21187.69, 21186.78, 21187.24,  406.677, 1229.730,  1459.05,        0,        0,        0,        0,        0,  406.573, 1226.499,  1441.05,   0.0021,    -9999
 21188.42, 21187.69, 21188.05,  406.677, 1229.714,  1455.99,        0,        0,        0,        0,        0,  406.572, 1226.484,  1437.99,   0.0015,    -9999
 21188.63, 21188.42, 21188.53,  406.676, 1229.710,  1455.11,        0,        0,        0,        0,        0,  406.572, 1226.479,  1437.11,   0.0016,    -9999
 21189.13, 21188.63, 21188.88,  406.676, 1229.699,  1453.05,        0,        0,        0,        0,        0,  406.572, 1226.469,  1435.05,   0.0019,    -9999
 21190.01, 21189.13, 21189.57,  406.675, 1229.688,  1449.37,        0,        0,        0,        0,        0,  406.571, 1226.457,  1431.37,   0.0025,    -9999
 21190.74, 21190.01, 21190.38,  406.674, 1229.678,  1451.76,        0,        0,        0,        0,        0,  406.570, 1226.448,  1433.76,   0.0030,    -9999
 21190.96, 21190.74, 21190.85,  406.674, 1229.676,  1452.46,        0,        0,        0,        0,        0,  406.570, 1226.445,  1434.46,   0.0031,    -9999
 21191.46, 21190.96, 21191.21,  406.680, 1229.669,  1454.09,        0,        0,        0,        0,        0,  406.575, 1226.439,  1436.09,   0.0033,    -9999
 21192.34, 21191.46, 21191.90,  406.689, 1229.786,  1456.99,        0,        0,        0,        0,        0,  406.585, 1226.556,  1438.99,   0.0038,    -9999
 21193.06, 21192.34, 21192.70,  406.697, 1229.880,  1451.30,        0,        0,        0,        0,        0,  406.593, 1226.651,  1433.30,   0.0041,    -9999
 21193.28, 21193.06, 21193.17,  406.700, 1229.910,  1449.54,        0,        0,        0,        0,        0,  406.595, 1226.680,  1431.54,   0.0041,    -9999
 21193.78, 21193.28, 21193.53,  406.697, 1229.975,  1445.61,        0,        0,        0,        0,        0,  406.593, 1226.746,  1427.61,   0.0040,    -9999
 21194.68, 21193.78, 21194.23,  406.692, 1229.974,  1438.55,        0,        0,        0,        0,        0,  406.588, 1226.745,  1420.55,   0.0039,    -9999
 21195.40, 21194.68, 21195.04,  406.688, 1229.974,  1448.48,        0,        0,        0,        0,        0,  406.584, 1226.745,  1430.48,   0.0038,    -9999
 21195.62, 21195.40, 21195.51,  406.687, 1229.974,  1451.39,        0,        0,        0,        0,        0,  406.583, 1226.745,  1433.39,   0.0037,    -9999
 21196.11, 21195.62, 21195.86,  406.689, 1229.973,  1458.12,        0,        0,        0,        0,        0,  406.585, 1226.744,  1440.12,   0.0035,    -9999
 21197.00, 21196.11, 21196.55,  406.692, 1229.881,  1470.29,        0,        0,        0,        0,        0,  406.588, 1226.652,  1452.29,   0.0031,    -9999
 21197.73, 21197.00, 21197.36,  406.695, 1229.806,  1463.32,        0,        0,        0,        0,        0,  406.590, 1226.576,  1445.32,   0.0028,    -9999
 21197.94, 21197.73, 21197.83,  406.695, 1229.784,  1461.28,        0,        0,        0,        0,        0,  406.591, 1226.554,  1443.28,   0.0027,    -9999
 21198.43, 21197.94, 21198.19,  406.690, 1229.733,  1456.56,        0,        0,        0,        0,        0,  406.585, 1226.503,  1438.56,   0.0025,    -9999
 21199.31, 21198.43, 21198.87,  406.679, 1229.763,  1448.16,        0,        0,        0,        0,        0,  406.575, 1226.533,  1430.16,   0.0022,    -9999
 21200.03, 21199.31, 21199.67,  406.671, 1229.787,  1448.39,        0,        0,        0,        0,        0,  406.566, 1226.557,  1430.39,   0.0018,    -9999
 21200.24, 21200.03, 21200.14,  406.668, 1229.794,  1448.46,        0,        0,        0,        0,        0,  406.564, 1226.564,  1430.46,   0.0020,    -9999
 21200.74, 21200.24, 21200.49,  406.667, 1229.811,  1448.62,        0,        0,        0,        0,        0,  406.563, 1226.581,  1430.62,   0.0023,    -9999
 21201.63, 21200.74, 21201.18,  406.666, 1229.798,  1448.91,        0,        0,        0,        0,        0,  406.561, 1226.568,  1430.91,   0.0028,    -9999
 21202.37, 21201.63, 21202.00,  406.664, 1229.788,  1450.35,        0,        0,        0,        0,        0,  406.560, 1226.558,  1432.35,   0.0032,    -9999
 21202.58, 21202.37, 21202.48,  406.664, 1229.785,  1450.77,        0,        0,        0,        0,        0,  406.560, 1226.555,  1432.77,   0.0033,    -9999
 21203.08, 21202.58, 21202.83,  406.670, 1229.778,  1451.73,        0,        0,        0,        0,        0,  406.565, 1226.548,  1433.73,   0.0033,    -9999
 21203.97, 21203.08, 21203.52,  406.680, 1229.776,  1453.48,        0,        0,        0,        0,        0,  406.576, 1226.546,  1435.48,   0.0035,    -9999
 21204.71, 21203.97, 21204.34,  406.688, 1229.774,  1454.60,        0,        0,        0,        0,        0,  406.584, 1226.544,  1436.60,   0.0036,    -9999
 21204.92, 21204.71, 21204.82,  406.691, 1229.773,  1454.92,        0,        0,        0,        0,        0,  406.586, 1226.543,  1436.92,   0.0034,    -9999
 21205.41, 21204.92, 21205.17,  406.689, 1229.772,  1455.66,        0,        0,        0,        0,        0,  406.584, 1226.542,  1437.66,   0.0029,    -9999
 21206.31, 21205.41, 21205.86,  406.685, 1229.798,  1457.00,        0,        0,        0,        0,        0,  406.580, 1226.568,  1439.00,   0.0021,    -9999
 21207.03, 21206.31, 21206.67,  406.682, 1229.819,  1457.14,        0,        0,        0,        0,        0,  406.577, 1226.589,  1439.14,   0.0015,    -9999
 21207.24, 21207.03, 21207.14,  406.681, 1229.825,  1457.19,        0,        0,        0,        0,        0,  406.576, 1226.596,  1439.19,   0.0016,    -9999
 21207.74, 21207.24, 21207.49,  406.685, 1229.840,  1457.28,        0,        0,        0,        0,        0,  406.581, 1226.610,  1439.28,   0.0020,    -9999
 21208.63, 21207.74, 21208.18,  406.694, 1229.859,  1457.46,        0,        0,        0,        0,        0,  406.589, 1226.630,  1439.46,   0.0027,    -9999
 21209.35, 21208.63, 21208.99,  406.701, 1229.875,  1458.95,        0,        0,        0,        0,        0,  406.596, 1226.646,  1440.95,   0.0032,    -9999
 21209.56, 21209.35, 21209.45,  406.703, 1229.880,  1459.40,        0,        0,        0,        0,        0,  406.598, 1226.650,  1441.40,   0.0032,    -9999
 21210.05, 21209.56, 21209.80,  406.706, 1229.891,  1460.42,        0,        0,        0,        0,        0,  406.602, 1226.661,  1442.42,   0.0032,    -9999
 21210.94, 21210.05, 21210.49,  406.712, 1229.806,  1462.27,        0,        0,        0,        0,        0,  406.608, 1226.576,  1444.27,   0.0032,    -9999
 21211.66, 21210.94, 21211.30,  406.717, 1229.736,  1458.18,        0,        0,        0,        0,        0,  406.613, 1226.506,  1440.18,   0.0032,    -9999
 21211.88, 21211.66, 21211.77,  406.719, 1229.716,  1456.97,        0,        0,        0,        0,        0,  406.614, 1226.485,  1438.97,   0.0032,    -9999
 21212.37, 21211.88, 21212.12,  406.715, 1229.669,  1454.19,        0,        0,        0,        0,        0,  406.610, 1226.438,  1436.19,   0.0032,    -9999
 21213.26, 21212.37, 21212.81,  406.708, 1229.665,  1449.17,        0,        0,        0,        0,        0,  406.604, 1226.435,  1431.17,   0.0032,    -9999
 21213.98, 21213.26, 21213.62,  406.703, 1229.663,  1452.47,        0,        0,        0,        0,        0,  406.598, 1226.432,  1434.47,   0.0032,    -9999
 21214.20, 21213.98, 21214.09,  406.701, 1229.662,  1453.43,        0,        0,        0,        0,        0,  406.597, 1226.431,  1435.43,   0.0033,    -9999
 21214.69, 21214.20, 21214.44,  406.703, 1229.660,  1455.68,        0,        0,        0,        0,        0,  406.598, 1226.429,  1437.68,   0.0033,    -9999
 21215.59, 21214.69, 21215.14,  406.706, 1229.735,  1459.75,        0,        0,        0,        0,        0,  406.601, 1226.504,  1441.75,   0.0034,    -9999
 21216.32, 21215.59, 21215.96,  406.708, 1229.796,  1457.49,        0,        0,        0,        0,        0,  406.603, 1226.566,  1439.49,   0.0034,    -9999
 21216.53, 21216.32, 21216.43,  406.709, 1229.814,  1456.83,        0,        0,        0,        0,        0,  406.604, 1226.584,  1438.83,   0.0034,    -9999
 21217.03, 21216.53, 21216.78,  406.712, 1229.855,  1455.28,        0,        0,        0,        0,        0,  406.607, 1226.625,  1437.28,   0.0032,    -9999
 21217.93, 21217.03, 21217.48,  406.717, 1229.820,  1452.51,        0,        0,        0,        0,        0,  406.613, 1226.590,  1434.51,   0.0029,    -9999
 21218.66, 21217.93, 21218.29,  406.722, 1229.791,  1450.91,        0,        0,        0,        0,        0,  406.617, 1226.561,  1432.91,   0.0026,    -9999
 21218.88, 21218.66, 21218.77,  406.723, 1229.782,  1450.44,        0,        0,        0,        0,        0,  406.618, 1226.552,  1432.44,   0.0025,    -9999
 21219.37, 21218.88, 21219.12,  406.714, 1229.763,  1449.36,        0,        0,        0,        0,        0,  406.609, 1226.533,  1431.36,   0.0022,    -9999
 21220.27, 21219.37, 21219.82,  406.697, 1229.703,  1447.40,        0,        0,        0,        0,        0,  406.593, 1226.472,  1429.40,   0.0018,    -9999
 21221.00, 21220.27, 21220.63,  406.684, 1229.654,  1451.97,        0,        0,        0,        0,        0,  406.580, 1226.423,  1433.97,   0.0014,    -9999
 21221.21, 21221.00, 21221.10,  406.680, 1229.639,  1453.29,        0,        0,        0,        0,        0,  406.576, 1226.408,  1435.29,   0.0015,    -9999
 21221.70, 21221.21, 21221.46,  406.679, 1229.606,  1456.37,        0,        0,        0,        0,        0,  406.574, 1226.375,  1438.37,   0.0017,    -9999
 21222.59, 21221.70, 21222.15,  406.676, 1229.649,  1461.94,        0,        0,        0,        0,        0,  406.572, 1226.418,  1443.94,   0.0020,    -9999
 21223.32, 21222.59, 21222.96,  406.674, 1229.684,  1458.17,        0,        0,        0,        0,        0,  406.570, 1226.453,  1440.17,   0.0023,    -9999
 21223.53, 21223.32, 21223.43,  406.673, 1229.694,  1457.08,        0,        0,        0,        0,        0,  406.569, 1226.463,  1439.08,   0.0022,    -9999
 21224.03, 21223.53, 21223.78,  406.675, 1229.717,  1454.52,        0,        0,        0,        0,        0,  406.571, 1226.487,  1436.52,   0.0020,    -9999
 21224.91, 21224.03, 21224.47,  406.679, 1229.746,  1449.94,        0,        0,        0,        0,        0,  406.574, 1226.516,  1431.94,   0.0016,    -9999
 21225.65, 21224.91, 21225.28,  406.682, 1229.770,  1448.07,        0,        0,        0,        0,        0,  406.577, 1226.540,  1430.07,   0.0013,    -9999
 21225.87, 21225.65, 21225.76,  406.682, 1229.777,  1447.51,        0,        0,        0,        0,        0,  406.578, 1226.547,  1429.51,   0.0015,    -9999
 21226.36, 21225.87, 21226.11,  406.678, 1229.793,  1446.25,        0,        0,        0,        0,        0,  406.574, 1226.563,  1428.25,   0.0021,    -9999
 21227.25, 21226.36, 21226.80,  406.671, 1229.761,  1443.99,        0,        0,        0,        0,        0,  406.567, 1226.531,  1425.99,   0.0032,    -9999
 21227.97, 21227.25, 21227.61,  406.666, 1229.735,  1447.90,        0,        0,        0,        0,        0,  406.561, 1226.505,  1429.90,   0.0041,    -9999
 21228.19, 21227.97, 21228.08,  406.664, 1229.728,  1449.07,        0,        0,        0,        0,        0,  406.559, 1226.497,  1431.07,   0.0039,    -9999
 21228.68, 21228.19, 21228.44,  406.664, 1229.710,  1451.75,        0,        0,        0,        0,        0,  406.560, 1226.480,  1433.75,   0.0033,    -9999
 21229.57, 21228.68, 21229.13,  406.664, 1229.736,  1456.55,        0,        0,        0,        0,        0,  406.560, 1226.506,  1438.55,   0.0022,    -9999
 21230.31, 21229.57, 21229.94,  406.664, 1229.759,  1455.87,        0,        0,        0,        0,        0,  406.560, 1226.528,  1437.87,   0.0013,    -9999
 21230.53, 21230.31, 21230.42,  406.664, 1229.765,  1455.67,        0,        0,        0,        0,        0,  406.560, 1226.535,  1437.67,   0.0014,    -9999
 21231.02, 21230.53, 21230.77,  406.665, 1229.780,  1455.21,        0,        0,        0,        0,        0,  406.560, 1226.549,  1437.21,   0.0016,    -9999
 21231.90, 21231.02, 21231.46,  406.665, 1229.751,  1454.39,        0,        0,        0,        0,        0,  406.561, 1226.521,  1436.39,   0.0020,    -9999
 21232.63, 21231.90, 21232.26,  406.666, 1229.728,  1450.75,        0,        0,        0,        0,        0,  406.561, 1226.498,  1432.75,   0.0023,    -9999
 21232.84, 21232.63, 21232.74,  406.666, 1229.722,  1449.68,        0,        0,        0,        0,        0,  406.562, 1226.491,  1431.68,   0.0024,    -9999
 21233.34, 21232.84, 21233.09,  406.655, 1229.706,  1447.19,        0,        0,        0,        0,        0,  406.551, 1226.475,  1429.19,   0.0026,    -9999
 21234.23, 21233.34, 21233.79,  406.636, 1229.676,  1442.71,        0,        0,        0,        0,        0,  406.532, 1226.446,  1424.71,   0.0029,    -9999
 21234.96, 21234.23, 21234.60,  406.621, 1229.652,  1443.85,        0,        0,        0,        0,        0,  406.517, 1226.422,  1425.85,   0.0032,    -9999
 21235.17, 21234.96, 21235.07,  406.616, 1229.645,  1444.19,        0,        0,        0,        0,        0,  406.512, 1226.414,  1426.19,   0.0031,    -9999
 21235.67, 21235.17, 21235.42,  406.621, 1229.629,  1444.96,        0,        0,        0,        0,        0,  406.517, 1226.398,  1426.96,   0.0029,    -9999
 21236.57, 21235.67, 21236.12,  406.629, 1229.708,  1446.38,        0,        0,        0,        0,        0,  406.525, 1226.477,  1428.38,   0.0026,    -9999
 21237.31, 21236.57, 21236.94,  406.635, 1229.772,  1449.87,        0,        0,        0,        0,        0,  406.531, 1226.542,  1431.87,   0.0023,    -9999
 21237.53, 21237.31, 21237.42,  406.637, 1229.791,  1450.89,        0,        0,        0,        0,        0,  406.533, 1226.561,  1432.89,   0.0023,    -9999
 21238.02, 21237.53, 21237.77,  406.640, 1229.834,  1453.22,        0,        0,        0,        0,        0,  406.536, 1226.604,  1435.22,   0.0024,    -9999
 21238.91, 21238.02, 21238.47,  406.645, 1229.765,  1457.43,        0,        0,        0,        0,        0,  406.541, 1226.534,  1439.43,   0.0027,    -9999
 21239.64, 21238.91, 21239.28,  406.649, 1229.707,  1456.92,        0,        0,        0,        0,        0,  406.545, 1226.477,  1438.92,   0.0029,    -9999
 21239.86, 21239.64, 21239.75,  406.651, 1229.690,  1456.77,        0,        0,        0,        0,        0,  406.546, 1226.460,  1438.77,   0.0028,    -9999
 21240.36, 21239.86, 21240.11,  406.647, 1229.651,  1456.43,        0,        0,        0,        0,        0,  406.542, 1226.420,  1438.43,   0.0026,    -9999
 21241.26, 21240.36, 21240.81,  406.639, 1229.640,  1455.81,        0,        0,        0,        0,        0,  406.535, 1226.409,  1437.81,   0.0024,    -9999
 21241.99, 21241.26, 21241.62,  406.633, 1229.630,  1454.31,        0,        0,        0,        0,        0,  406.529, 1226.399,  1436.31,   0.0021,    -9999
 21242.20, 21241.99, 21242.10,  406.631, 1229.628,  1453.87,        0,        0,        0,        0,        0,  406.527, 1226.397,  1435.87,   0.0020,    -9999
 21242.70, 21242.20, 21242.45,  406.629, 1229.621,  1452.86,        0,        0,        0,        0,        0,  406.525, 1226.390,  1434.86,   0.0017,    -9999
