misc_data/testing_data/ACinst_GUF003_202108122119_RA.ict
97, 1001
Wagenhaeuser, Thomas
Goethe-University Frankfurt, Institute for Atmospheric and Environmental Sciences
AirCore Atmospheric Sampler
HEMERA campaign Kiruna 2021
1, 1
2021, 08, 13, 2023, 01, 23
0
Stop_UTC, seconds, Time_Stop, stop UTC time of day in seconds
15
1, 1, 1, 1, 1, 1, 1, 1, 1, 1, 1, 1, 1, 1, 1
-9999, -9999, -9999, -9999, -9999, -9999, -9999, -9999, -9999, -9999, -9999, -9999, -9999, -9999, -9999
Start_UTC, seconds, Time_Start, start UTC time of day in seconds
Mid_UTC, seconds, Time_Mid, mean UTC time of day in seconds
co2_cal, ppm, CO2_cal, Calibrated CO2 dry mole fraction X2007 scale
ch4_cal, ppb, CH4_cal, Calibrated CH4 dry mole fraction X2004A scale
co_cal, ppb, CO_cal, Calibrated CO dry mole fraction X2014A scale
core_index, integer, Sample_flag, AirCore sample flag
top_mix_index, integer, Top_fill_flag, Top fill gas correction flag
bot_mix_index, integer, Bottom_fill_flag, Bottom fill gas correction flag
profile_index, integer, AC_profile_flag, Retained final AirCore profile flag
cal_index, integer, Cal_gas_flag, Calibration gas flag
co2_raw, ppm, CO2_raw, Raw CO2
ch4_raw, ppb, CH4_raw, Raw CH4
co_raw, ppb, CO_raw, Raw CO
h2o, percent, H2O_perc, Percent water vapor in air
h2o_co, percent, H2O_perc_CO, Percent water vapor in air from CO absorption
3
SPECIAL_COMMENTS: AirCore is comprised of 7 total sections from AirCore inlet to Analyzer inlet. Those that are used in analysis are labeled as "MEAS_SECT_[number]_[description]" in normal comments below.
Section dimensions are Length(m), Diameter(m), Porosity (1=empty), CV and can be used for AirCore reanalysis.
See ASSOCIATED DATA for details.
65
MEAS_SECT_3_len: 20
MEAS_SECT_3_dia: 0.0076
MEAS_SECT_3_por: 1
MEAS_SECT_3_CV: -9999
MEAS_SECT_3_name: AC
MEAS_SECT_4_len: 40
MEAS_SECT_4_dia: 0.0036
MEAS_SECT_4_por: 1
MEAS_SECT_4_CV: -9999
MEAS_SECT_4_name: AC
MEAS_SECT_5_len: 40
MEAS_SECT_5_dia: 0.00176
MEAS_SECT_5_por: 1
MEAS_SECT_5_CV: -9999
MEAS_SECT_5_name: AC
MEAS_SECT_6_len: 0.03
MEAS_SECT_6_dia: 0.0028
MEAS_SECT_6_por: 1
MEAS_SECT_6_CV: -9999
MEAS_SECT_6_name: Valve
MEAS_SECT_7_len: 1.5
MEAS_SECT_7_dia: 0.002677
MEAS_SECT_7_por: 1
MEAS_SECT_7_CV: -9999
MEAS_SECT_7_name: Tube
STANDARD_SCALES: x2019 CO2 scale, x2004a CH4 scale, x2014a CO scale
FILL_STD_ID: D162484
CAL_STD_ID: D162492
CHASE_STD_ID: D162484
FILL_STANDARD_VALUE: 407.36 CO2, 1228.6 CH4, 1436.41 CO
CAL_STANDARD_VALUE: 405.73 CO2, 1995.69 CH4, 154.92 CO
CHASE_STANDARD_VALUE: 407.36 CO2, 1228.6 CH4, 1436.41 CO
ANALYZER_SLOPE_CORRECTION: 1.0042 CO2, 0.9944 CH4, 1 CO
ANALYZER_OFFSET_CORRECTION: -1.6032 CO2, 10.0988 CH4, 18.0 CO
MEAS_ORIENTATION: Top of AirCore analyzed first
AIRCORE_ID: GUF003
PROFILE_ID: AC202108122119_GUF003
PI_CONTACT_INFO: Altenhoeferallee 1, 60438 Frankfurt am Main, Germany; email:wagenhaeuser@iau.uni-frankfurt.de
PLATFORM: Recovered Helium Weather Balloon Flight String
LOCATION: Sample launch (time, lat, lon, alt, press): 12-Aug-2021 21:19:03UTC, 67.88865N, 21.08479W, 331.0masl, 972.0mb
Sample recovery (time, lat, lon, alt, press): 13-Aug-2021 03:01:41UTC, 68.06526N, 21.14661W, 549.0masl, 945.83mb
ASSOCIATED_DATA: ACmet_GUF003_202108122119_RA.ict, Picarro_data
INSTRUMENT_INFO: Picarro CFKADS2106 4-channel Cavity Ring Down Spectrometer G2401: CO2, CH4, CO, H2O
DATA_INFO: Raw and calibrated AirCore profile data
UNCERTAINTY: 0.03 ppm CO2, 1 ppb CH4, 7 ppb CO
ULOD_FLAG: -7777
ULOD_VALUE: N/A
LLOD_FLAG: -8888
LLOD_VALUE: N/A
DM_CONTACT_INFO: Wagenhaeuser, Thomas, wagenhaeuser@iau.uni-frankfurt.de
PROJECT_INFO: AirCore Atmospheric Sampler, https://www.goethe-university-frankfurt.de/77442748/AirCore
STIPULATIONS_ON_USE: Use of these data requires prior approval from PI
OTHER_COMMENTS: 
Trace gas species interpolated to CO2 time axis.
core_index     (1 = designates AirCore sample, 0 = otherwise); 
top_mix_index  (1 = designates TOP portion of AirCore sample corrected from fill gas mixing, 0 = otherwise); 
bot_mix_index  (1 = designates BOTTOM portion of AirCore sample corrected from fill/push gas mixing, 0 = otherwise); 
profile_index  (1 = portion of core_index retained by PI and reported in final AirCore profile, 0 = otherwise); 
cal_index      (1 = calibration period, 0 = otherwise); 
START_FG: 2021-08-13 06:03:01.123527
START_AC: 2021-08-13 06:03:37.421536
FG_FRACT_AREA: 36.29227
REVISION: RA
RA: Prelim. Data
Stop_UTC,Start_UTC,Mid_UTC,co2_cal,ch4_cal,co_cal,core_index,top_mix_index,bot_mix_index,profile_index,cal_index,co2_raw,ch4_raw,co_raw,h2o,h2o_co
[from data line 10701]
 23803.88, 23803.14, 23803.51,  408.711, 1965.413,   149.02,        1,        0,        0,        1,        0,  408.598, 1966.326,   131.02,   0.0012,    -9999
 23804.09, 23803.88, 23803.98,  408.710, 1965.418,   149.15,        1,        0,        0,        1,        0,  408.597, 1966.330,   131.15,   0.0013,    -9999
 23804.58, 23804.09, 23804.33,  408.710, 1965.428,   149.44,        1,        0,        0,        1,        0,  408.597, 1966.340,   131.44,   0.0015,    -9999
 23805.47, 23804.58, 23805.02,  408.709, 1965.507,   149.97,        1,        0,        0,        1,        0,  408.596, 1966.421,   131.97,   0.0019,    -9999
 23806.19, 23805.47, 23805.83,  408.708, 1965.573,   146.13,        1,        0,        0,        1,        0,  408.595, 1966.486,   128.13,   0.0022,    -9999
 23806.42, 23806.19, 23806.31,  408.708, 1965.593,   144.95,        1,        0,        0,        1,        0,  408.595, 1966.507,   126.95,   0.0021,    -9999
 23806.91, 23806.42, 23806.67,  408.713, 1965.638,   142.32,        1,        0,        0,        1,        0,  408.600, 1966.551,   124.32,   0.0019,    -9999
 23807.79, 23806.91, 23807.35,  408.722, 1965.666,   137.66,        1,        0,        0,        1,        0,  408.609, 1966.580,   119.66,   0.0016,    -9999
 23808.53, 23807.79, 23808.16,  408.730, 1965.690,   141.10,        1,        0,        0,        1,        0,  408.617, 1966.604,   123.10,   0.0013,    -9999
 23808.74, 23808.53, 23808.63,  408.732, 1965.697,   142.11,        1,        0,        0,        1,        0,  408.619, 1966.611,   124.11,   0.0013,    -9999
 23809.23, 23808.74, 23808.99,  408.734, 1965.713,   144.44,        1,        0,        0,        1,        0,  408.621, 1966.627,   126.44,   0.0012,    -9999
 23810.12, 23809.23, 23809.67,  408.737, 1965.649,   148.62,        1,        0,        0,        1,        0,  408.624, 1966.563,   130.62,   0.0011,    -9999
 23810.84, 23810.12, 23810.48,  408.739, 1965.598,   144.75,        1,        0,        0,        1,        0,  408.626, 1966.512,   126.75,   0.0009,    -9999
 23811.05, 23810.84, 23810.95,  408.740, 1965.583,   143.60,        1,        0,        0,        1,        0,  408.627, 1966.496,   125.60,   0.0011,    -9999
 23811.54, 23811.05, 23811.30,  408.743, 1965.548,   140.96,        1,        0,        0,        1,        0,  408.630, 1966.461,   122.96,   0.0014,    -9999
 23812.43, 23811.54, 23811.99,  408.750, 1965.621,   136.20,        1,        0,        0,        1,        0,  408.637, 1966.535,   118.20,   0.0020,    -9999
 23813.16, 23812.43, 23812.79,  408.755, 1965.681,   141.09,        1,        0,        0,        1,        0,  408.641, 1966.596,   123.09,   0.0025,    -9999
 23813.37, 23813.16, 23813.26,  408.756, 1965.699,   142.52,        1,        0,        0,        1,        0,  408.643, 1966.613,   124.52,   0.0024,    -9999
 23813.86, 23813.37, 23813.62,  408.756, 1965.740,   145.87,        1,        0,        0,        1,        0,  408.643, 1966.655,   127.87,   0.0022,    -9999
 23814.76, 23813.86, 23814.31,  408.755, 1965.787,   151.90,        1,        0,        0,        1,        0,  408.642, 1966.702,   133.90,   0.0017,    -9999
 23815.49, 23814.76, 23815.12,  408.754, 1965.826,   153.00,        1,        0,        0,        1,        0,  408.641, 1966.741,   135.00,   0.0013,    -9999
 23815.71, 23815.49, 23815.60,  408.754, 1965.837,   153.32,        1,        0,        0,        1,        0,  408.641, 1966.752,   135.32,   0.0013,    -9999
 23816.20, 23815.71, 23815.95,  408.751, 1965.864,   154.07,        1,        0,        0,        1,        0,  408.638, 1966.779,   136.07,   0.0014,    -9999
 23817.09, 23816.20, 23816.65,  408.746, 1965.690,   155.40,        1,        0,        0,        1,        0,  408.633, 1966.604,   137.40,   0.0015,    -9999
 23817.82, 23817.09, 23817.46,  408.741, 1965.548,   153.41,        1,        0,        0,        1,        0,  408.628, 1966.461,   135.41,   0.0015,    -9999
 23818.03, 23817.82, 23817.92,  408.740, 1965.507,   152.83,        1,        0,        0,        1,        0,  408.627, 1966.420,   134.83,   0.0015,    -9999
 23818.53, 23818.03, 23818.28,  408.737, 1965.410,   151.47,        1,        0,        0,        1,        0,  408.624, 1966.322,   133.47,   0.0014,    -9999
 23819.42, 23818.53, 23818.97,  408.732, 1965.473,   149.03,        1,        0,        0,        1,        0,  408.619, 1966.386,   131.03,   0.0013,    -9999
 23820.14, 23819.42, 23819.78,  408.728, 1965.525,   144.30,        1,        0,        0,        1,        0,  408.615, 1966.438,   126.30,   0.0013,    -9999
 23820.35, 23820.14, 23820.25,  408.726, 1965.540,   142.91,        1,        0,        0,        1,        0,  408.614, 1966.454,   124.91,   0.0012,    -9999
 23820.88, 23820.35, 23820.62,  408.736, 1965.578,   139.46,        1,        0,        0,        1,        0,  408.623, 1966.491,   121.46,   0.0010,    -9999
 23821.76, 23820.88, 23821.32,  408.751, 1965.592,   133.69,        1,        0,        0,        1,        0,  408.638, 1966.505,   115.69,   0.0006,    -9999
 23822.49, 23821.76, 23822.13,  408.764, 1965.603,   138.90,        1,        0,        0,        1,        0,  408.651, 1966.517,   120.90,   0.0003,    -9999
 23822.70, 23822.49, 23822.60,  408.768, 1965.607,   140.44,        1,        0,        0,        1,        0,  408.655, 1966.521,   122.44,   0.0007,    -9999
 23823.20, 23822.70, 23822.95,  408.761, 1965.615,   143.98,        1,        0,        0,        1,        0,  408.648, 1966.528,   125.98,   0.0015,    -9999
 23824.08, 23823.20, 23823.64,  408.749, 1965.614,   150.30,        1,        0,        0,        1,        0,  408.636, 1966.527,   132.30,   0.0031,    -9999
 23824.81, 23824.08, 23824.44,  408.739, 1965.613,   151.45,        1,        0,        0,        1,        0,  408.626, 1966.527,   133.45,   0.0043,    -9999
 23825.02, 23824.81, 23824.91,  408.736, 1965.613,   151.80,        1,        0,        0,        1,        0,  408.623, 1966.526,   133.80,   0.0041,    -9999
 23825.52, 23825.02, 23825.27,  408.735, 1965.612,   152.59,        1,        0,        0,        1,        0,  408.622, 1966.526,   134.59,   0.0036,    -9999
 23826.41, 23825.52, 23825.97,  408.733, 1965.489,   154.01,        1,        0,        0,        1,        0,  408.620, 1966.402,   136.01,   0.0027,    -9999
 23827.13, 23826.41, 23826.77,  408.731, 1965.389,   152.14,        1,        0,        0,        1,        0,  408.618, 1966.302,   134.14,   0.0020,    -9999
 23827.35, 23827.13, 23827.24,  408.730, 1965.359,   151.58,        1,        0,        0,        1,        0,  408.617, 1966.272,   133.58,   0.0020,    -9999
 23827.85, 23827.35, 23827.60,  408.732, 1965.291,   150.30,        1,        0,        0,        1,        0,  408.619, 1966.203,   132.30,   0.0021,    -9999
 23828.73, 23827.85, 23828.29,  408.734, 1965.370,   148.01,        1,        0,        0,        1,        0,  408.621, 1966.282,   130.01,   0.0021,    -9999
 23829.45, 23828.73, 23829.09,  408.736, 1965.435,   147.20,        1,        0,        0,        1,        0,  408.623, 1966.347,   129.20,   0.0022,    -9999
 23829.67, 23829.45, 23829.56,  408.737, 1965.454,   146.95,        1,        0,        0,        1,        0,  408.624, 1966.367,   128.95,   0.0022,    -9999
 23830.17, 23829.67, 23829.92,  408.741, 1965.498,   146.39,        1,        0,        0,        1,        0,  408.627, 1966.411,   128.39,   0.0022,    -9999
 23831.06, 23830.17, 23830.62,  408.747, 1965.544,   145.39,        1,        0,        0,        1,        0,  408.634, 1966.457,   127.39,   0.0022,    -9999
 23831.79, 23831.06, 23831.43,  408.753, 1965.581,   147.06,        1,        0,        0,        1,        0,  408.640, 1966.495,   129.06,   0.0022,    -9999
 23832.01, 23831.79, 23831.90,  408.754, 1965.592,   147.55,        1,        0,        0,        1,        0,  408.641, 1966.505,   129.55,   0.0022,    -9999
 23832.49, 23832.01, 23832.25,  408.758, 1965.617,   148.66,        1,        0,        0,        1,        0,  408.645, 1966.530,   130.66,   0.0021,    -9999
 23833.37, 23832.49, 23832.93,  408.764, 1965.633,   150.67,        1,        0,        0,        1,        0,  408.651, 1966.547,   132.67,   0.0020,    -9999
 23834.10, 23833.37, 23833.74,  408.769, 1965.647,   148.45,        1,        0,        0,        1,        0,  408.656, 1966.561,   130.45,   0.0019,    -9999
 23834.31, 23834.10, 23834.21,  408.771, 1965.651,   147.79,        1,        0,        0,        1,        0,  408.658, 1966.565,   129.79,   0.0018,    -9999
 23834.81, 23834.31, 23834.56,  408.760, 1965.661,   146.26,        1,        0,        0,        1,        0,  408.647, 1966.575,   128.26,   0.0015,    -9999
 23835.70, 23834.81, 23835.25,  408.741, 1965.626,   143.55,        1,        0,        0,        1,        0,  408.628, 1966.539,   125.55,   0.0010,    -9999
 23836.43, 23835.70, 23836.06,  408.726, 1965.597,   146.12,        1,        0,        0,        1,        0,  408.613, 1966.510,   128.12,   0.0005,    -9999
 23836.64, 23836.43, 23836.53,  408.721, 1965.588,   146.88,        1,        0,        0,        1,        0,  408.608, 1966.502,   128.88,   0.0006,    -9999
 23837.13, 23836.64, 23836.89,  408.722, 1965.569,   148.62,        1,        0,        0,        1,        0,  408.609, 1966.482,   130.62,   0.0008,    -9999
 23838.02, 23837.13, 23837.58,  408.725, 1965.570,   151.76,        1,        0,        0,        1,        0,  408.612, 1966.484,   133.76,   0.0012,    -9999
 23838.75, 23838.02, 23838.39,  408.727, 1965.571,   149.32,        1,        0,        0,        1,        0,  408.614, 1966.485,   131.32,   0.0015,    -9999
 23838.96, 23838.75, 23838.86,  408.727, 1965.572,   148.60,        1,        0,        0,        1,        0,  408.614, 1966.485,   130.60,   0.0014,    -9999
 23839.46, 23838.96, 23839.21,  408.734, 1965.572,   146.94,        1,        0,        0,        1,        0,  408.621, 1966.486,   128.94,   0.0012,    -9999
 23840.34, 23839.46, 23839.90,  408.746, 1965.552,   143.98,        1,        0,        0,        1,        0,  408.632, 1966.465,   125.98,   0.0009,    -9999
 23841.06, 23840.34, 23840.70,  408.755, 1965.534,   143.06,        1,        0,        0,        1,        0,  408.642, 1966.448,   125.06,   0.0006,    -9999
 23841.28, 23841.06, 23841.17,  408.758, 1965.529,   142.78,        1,        0,        0,        1,        0,  408.645, 1966.443,   124.78,   0.0006,    -9999
 23841.77, 23841.28, 23841.52,  408.753, 1965.518,   142.16,        1,        0,        0,        1,        0,  408.640, 1966.431,   124.16,   0.0006,    -9999
 23842.66, 23841.77, 23842.22,  408.743, 1965.594,   141.03,        1,        0,        0,        1,        0,  408.630, 1966.507,   123.03,   0.0007,    -9999
 23843.38, 23842.66, 23843.02,  408.735, 1965.655,   139.15,        1,        0,        0,        1,        0,  408.622, 1966.569,   121.15,   0.0007,    -9999
 23843.60, 23843.38, 23843.49,  408.733, 1965.673,   138.60,        1,        0,        0,        1,        0,  408.620, 1966.587,   120.60,   0.0008,    -9999
 23844.09, 23843.60, 23843.84,  408.731, 1965.716,   137.31,        1,        0,        0,        1,        0,  408.618, 1966.630,   119.31,   0.0010,    -9999
 23844.99, 23844.09, 23844.54,  408.728, 1965.750,   134.97,        1,        0,        0,        1,        0,  408.615, 1966.664,   116.97,   0.0014,    -9999
 23845.73, 23844.99, 23845.36,  408.726, 1965.777,   138.25,        1,        0,        0,        1,        0,  408.613, 1966.692,   120.25,   0.0017,    -9999
 23845.94, 23845.73, 23845.83,  408.725, 1965.785,   139.20,        1,        0,        0,        1,        0,  408.612, 1966.700,   121.20,   0.0017,    -9999
 23846.43, 23845.94, 23846.19,  408.732, 1965.804,   141.40,        1,        0,        0,        1,        0,  408.619, 1966.719,   123.40,   0.0019,    -9999
 23847.32, 23846.43, 23846.88,  408.745, 1965.924,   145.37,        1,        0,        0,        1,        0,  408.632, 1966.839,   127.37,   0.0022,    -9999
 23848.05, 23847.32, 23847.69,  408.756, 1966.022,   145.21,        1,        0,        0,        1,        0,  408.643, 1966.938,   127.21,   0.0024,    -9999
 23848.26, 23848.05, 23848.16,  408.759, 1966.051,   145.17,        1,        0,        0,        1,        0,  408.646, 1966.967,   127.17,   0.0022,    -9999
 23848.76, 23848.26, 23848.51,  408.752, 1966.118,   145.06,        1,        0,        0,        1,        0,  408.639, 1967.034,   127.06,   0.0017,    -9999
 23849.64, 23848.76, 23849.20,  408.738, 1966.036,   144.87,        1,        0,        0,        1,        0,  408.625, 1966.952,   126.87,   0.0009,    -9999
 23850.37, 23849.64, 23850.01,  408.727, 1965.968,   144.94,        1,        0,        0,        1,        0,  408.614, 1966.884,   126.94,   0.0003,    -9999
 23850.58, 23850.37, 23850.48,  408.724, 1965.949,   144.96,        1,        0,        0,        1,        0,  408.611, 1966.864,   126.96,   0.0003,    -9999
 23851.08, 23850.58, 23850.83,  408.718, 1965.903,   145.01,        1,        0,        0,        1,        0,  408.605, 1966.818,   127.01,   0.0004,    -9999
 23851.97, 23851.08, 23851.52,  408.706, 1965.991,   145.10,        1,        0,        0,        1,        0,  408.593, 1966.907,   127.10,   0.0006,    -9999
 23852.69, 23851.97, 23852.33,  408.697, 1966.063,   144.84,        1,        0,        0,        1,        0,  408.584, 1966.979,   126.84,   0.0008,    -9999
 23852.91, 23852.69, 23852.80,  408.694, 1966.084,   144.76,        1,        0,        0,        1,        0,  408.581, 1967.000,   126.76,   0.0008,    -9999
 23853.40, 23852.91, 23853.15,  408.703, 1966.132,   144.59,        1,        0,        0,        1,        0,  408.590, 1967.049,   126.59,   0.0008,    -9999
 23854.28, 23853.40, 23853.84,  408.719, 1966.179,   144.27,        1,        0,        0,        1,        0,  408.606, 1967.095,   126.27,   0.0007,    -9999
 23855.00, 23854.28, 23854.64,  408.733, 1966.216,   144.42,        1,        0,        0,        1,        0,  408.620, 1967.134,   126.42,   0.0007,    -9999
 23855.21, 23855.00, 23855.11,  408.737, 1966.227,   144.46,        1,        0,        0,        1,        0,  408.623, 1967.145,   126.46,   0.0007,    -9999
 23855.71, 23855.21, 23855.46,  408.727, 1966.253,   144.56,        1,        0,        0,        1,        0,  408.614, 1967.171,   126.56,   0.0007,    -9999
 23856.60, 23855.71, 23856.15,  408.710, 1966.191,   144.74,        1,        0,        0,        1,        0,  408.597, 1967.108,   126.74,   0.0007,    -9999
 23857.32, 23856.60, 23856.96,  408.696, 1966.140,   147.64,        1,        0,        0,        1,        0,  408.584, 1967.057,   129.64,   0.0006,    -9999
 23857.54, 23857.32, 23857.43,  408.692, 1966.125,   148.50,        1,        0,        0,        1,        0,  408.579, 1967.042,   130.50,   0.0006,    -9999
 23858.03, 23857.54, 23857.78,  408.698, 1966.091,   150.46,        1,        0,        0,        1,        0,  408.585, 1967.008,   132.46,   0.0005,    -9999
 23858.91, 23858.03, 23858.47,  408.709, 1966.084,   153.98,        1,        0,        0,        1,        0,  408.596, 1967.000,   135.98,   0.0003,    -9999
 23859.64, 23858.91, 23859.27,  408.718, 1966.077,   153.27,        1,        0,        0,        1,        0,  408.605, 1966.994,   135.27,   0.0001,    -9999
 23859.85, 23859.64, 23859.74,  408.721, 1966.076,   153.06,        1,        0,        0,        1,        0,  408.608, 1966.992,   135.06,   0.0003,    -9999
 23860.35, 23859.85, 23860.10,  408.707, 1966.071,   152.57,        1,        0,        0,        1,        0,  408.594, 1966.988,   134.57,   0.0007,    -9999
