misc_data/testing_data/ACinst_GUF003_202108122119_RA.ict
97, 1001
Wagenhaeuser, Thomas
Goethe-University Frankfurt, Institute for Atmospheric and Environmental Sciences
AirCore Atmospheric Sampler
HEMERA campaign Kiruna 2021
1, 1
2021, 08, 13, 2023, 01, 23
0
Stop_UTC, seconds, Time_Stop, stop UTC time of day in seconds
15
1, 1, 1, 1, 1, 1, 1, 1, 1, 1, 1, 1, 1, 1, 1
-9999, -9999, -9999, -9999, -9999, -9999, -9999, -9999, -9999, -9999, -9999, -9999, -9999, -9999, -9999
Start_UTC, seconds, Time_Start, start UTC time of day in seconds
Mid_UTC, seconds, Time_Mid, mean UTC time of day in seconds
co2_cal, ppm, CO2_cal, Calibrated CO2 dry mole fraction X2007 scale
ch4_cal, ppb, CH4_cal, Calibrated CH4 dry mole fraction X2004A scale
co_cal, ppb, CO_cal, Calibrated CO dry mole fraction X2014A scale
core_index, integer, Sample_flag, AirCore sample flag
top_mix_index, integer, Top_fill_flag, Top fill gas correction flag
bot_mix_index, integer, Bottom_fill_flag, Bottom fill gas correction flag
profile_index, integer, AC_profile_flag, Retained final AirCore profile flag
cal_index, integer, Cal_gas_flag, Calibration gas flag
co2_raw, ppm, CO2_raw, Raw CO2
ch4_raw, ppb, CH4_raw, Raw CH4
co_raw, ppb, CO_raw, Raw CO
h2o, percent, H2O_perc, Percent water vapor in air
h2o_co, percent, H2O_perc_CO, Percent water vapor in air from CO absorption
3
SPECIAL_COMMENTS: AirCore is comprised of 7 total sections from AirCore inlet to Analyzer inlet. Those that are used in analysis are labeled as "MEAS_SECT_[number]_[description]" in normal comments below.
Section dimensions are Length(m), Diameter(m), Porosity (1=empty), CV and can be used for AirCore reanalysis.
See ASSOCIATED DATA for details.
65
MEAS_SECT_3_len: 20
MEAS_SECT_3_dia: 0.0076
MEAS_SECT_3_por: 1
MEAS_SECT_3_CV: -9999
MEAS_SECT_3_name: AC
MEAS_SECT_4_len: 40
MEAS_SECT_4_dia: 0.0036
MEAS_SECT_4_por: 1
MEAS_SECT_4_CV: -9999
MEAS_SECT_4_name: AC
MEAS_SECT_5_len: 40
MEAS_SECT_5_dia: 0.00176
MEAS_SECT_5_por: 1
MEAS_SECT_5_CV: -9999
MEAS_SECT_5_name: AC
MEAS_SECT_6_len: 0.03
MEAS_SECT_6_dia: 0.0028
MEAS_SECT_6_por: 1
MEAS_SECT_6_CV: -9999
MEAS_SECT_6_name: Valve
MEAS_SECT_7_len: 1.5
MEAS_SECT_7_dia: 0.002677
MEAS_SECT_7_por: 1
MEAS_SECT_7_CV: -9999
MEAS_SECT_7_name: Tube
STANDARD_SCALES: x2019 CO2 scale, x2004a CH4 scale, x2014a CO scale
FILL_STD_ID: D162484
CAL_STD_ID: D162492
CHASE_STD_ID: D162484
FILL_STANDARD_VALUE: 407.36 CO2, 1228.6 CH4, 1436.41 CO
CAL_STANDARD_VALUE: 405.73 CO2, 1995.69 CH4, 154.92 CO
CHASE_STANDARD_VALUE: 407.36 CO2, 1228.6 CH4, 1436.41 CO
ANALYZER_SLOPE_CORRECTION: 1.0042 CO2, 0.9944 CH4, 1 CO
ANALYZER_OFFSET_CORRECTION: -1.6032 CO2, 10.0988 CH4, 18.0 CO
MEAS_ORIENTATION: Top of AirCore analyzed first
AIRCORE_ID: GUF003
PROFILE_ID: AC202108122119_GUF003
PI_CONTACT_INFO: Altenhoeferallee 1, 60438 Frankfurt am Main, Germany; email:wagenhaeuser@iau.uni-frankfurt.de
PLATFORM: Recovered Helium Weather Balloon Flight String
LOCATION: Sample launch (time, lat, lon, alt, press): 12-Aug-2021 21:19:03UTC, 67.88865N, 21.08479W, 331.0masl, 972.0mb
Sample recovery (time, lat, lon, alt, press): 13-Aug-2021 03:01:41UTC, 68.06526N, 21.14661W, 549.0masl, 945.83mb
ASSOCIATED_DATA: ACmet_GUF003_202108122119_RA.ict, Picarro_data
INSTRUMENT_INFO: Picarro CFKADS2106 4-channel Cavity Ring Down Spectrometer G2401: CO2, CH4, CO, H2O
DATA_INFO: Raw and calibrated AirCore profile data
UNCERTAINTY: 0.03 ppm CO2, 1 ppb CH4, 7 ppb CO
ULOD_FLAG: -7777
ULOD_VALUE: N/A
LLOD_FLAG: -8888
LLOD_VALUE: N/A
DM_CONTACT_INFO: Wagenhaeuser, Thomas, wagenhaeuser@iau.uni-frankfurt.de
PROJECT_INFO: AirCore Atmospheric Sampler, https://www.goethe-university-frankfurt.de/77442748/AirCore
STIPULATIONS_ON_USE: Use of these data requires prior approval from PI
OTHER_COMMENTS: 
Trace gas species interpolated to CO2 time axis.
core_index     (1 = designates AirCore sample, 0 = otherwise); 
top_mix_index  (1 = designates TOP portion of AirCore sample corrected from fill gas mixing, 0 = otherwise); 
bot_mix_index  (1 = designates BOTTOM portion of AirCore sample corrected from fill/push gas mixing, 0 = otherwise); 
profile_index  (1 = portion of core_index retained by PI and reported in final AirCore profile, 0 = otherwise); 
cal_index      (1 = calibration period, 0 = otherwise); 
START_FG: 2021-08-13 06:03:01.123527
START_AC: 2021-08-13 06:03:37.421536
FG_FRACT_AREA: 36.29227
REVISION: RA
RA: Prelim. Data
Stop_UTC,Start_UTC,Mid_UTC,co2_cal,ch4_cal,co_cal,core_index,top_mix_index,bot_mix_index,profile_index,cal_index,co2_raw,ch4_raw,co_raw,h2o,h2o_co
[from data line 8801]
 22699.18, 22698.45, 22698.81,  410.283, 1935.289,   155.30,        1,        0,        0,        1,        0,  410.164, 1936.032,   137.30,   0.0028,    -9999
 22699.39, 22699.18, 22699.28,  410.281, 1935.251,   154.93,        1,        0,        0,        1,        0,  410.161, 1935.994,   136.93,   0.0026,    -9999
 22699.89, 22699.39, 22699.64,  410.289, 1935.162,   154.05,        1,        0,        0,        1,        0,  410.169, 1935.905,   136.05,   0.0023,    -9999
 22700.78, 22699.89, 22700.33,  410.302, 1935.005,   152.50,        1,        0,        0,        1,        0,  410.183, 1935.746,   134.50,   0.0018,    -9999
 22701.51, 22700.78, 22701.14,  410.314, 1934.875,   148.08,        1,        0,        0,        1,        0,  410.194, 1935.616,   130.08,   0.0014,    -9999
 22701.72, 22701.51, 22701.61,  410.317, 1934.837,   146.77,        1,        0,        0,        1,        0,  410.197, 1935.577,   128.77,   0.0015,    -9999
 22702.25, 22701.72, 22701.99,  410.305, 1934.743,   143.56,        1,        0,        0,        1,        0,  410.185, 1935.483,   125.56,   0.0018,    -9999
 22703.13, 22702.25, 22702.69,  410.284, 1934.453,   138.20,        1,        0,        0,        1,        0,  410.165, 1935.192,   120.20,   0.0022,    -9999
 22703.86, 22703.13, 22703.50,  410.268, 1934.216,   139.58,        1,        0,        0,        1,        0,  410.148, 1934.953,   121.58,   0.0026,    -9999
 22704.07, 22703.86, 22703.97,  410.263, 1934.146,   139.98,        1,        0,        0,        1,        0,  410.143, 1934.883,   121.98,   0.0025,    -9999
 22704.57, 22704.07, 22704.32,  410.264, 1933.985,   140.93,        1,        0,        0,        1,        0,  410.145, 1934.720,   122.93,   0.0021,    -9999
 22705.46, 22704.57, 22705.01,  410.267, 1933.883,   142.62,        1,        0,        0,        1,        0,  410.148, 1934.618,   124.62,   0.0014,    -9999
 22706.19, 22705.46, 22705.82,  410.269, 1933.799,   144.70,        1,        0,        0,        1,        0,  410.150, 1934.534,   126.70,   0.0008,    -9999
 22706.40, 22706.19, 22706.29,  410.270, 1933.774,   145.30,        1,        0,        0,        1,        0,  410.150, 1934.509,   127.30,   0.0008,    -9999
 22706.89, 22706.40, 22706.65,  410.276, 1933.718,   146.70,        1,        0,        0,        1,        0,  410.156, 1934.452,   128.70,   0.0008,    -9999
 22707.77, 22706.89, 22707.33,  410.286, 1933.787,   149.20,        1,        0,        0,        1,        0,  410.167, 1934.521,   131.20,   0.0007,    -9999
 22708.50, 22707.77, 22708.14,  410.295, 1933.844,   148.12,        1,        0,        0,        1,        0,  410.175, 1934.579,   130.12,   0.0006,    -9999
 22708.71, 22708.50, 22708.61,  410.298, 1933.861,   147.80,        1,        0,        0,        1,        0,  410.178, 1934.596,   129.80,   0.0006,    -9999
 22709.20, 22708.71, 22708.96,  410.295, 1933.899,   147.08,        1,        0,        0,        1,        0,  410.175, 1934.634,   129.08,   0.0006,    -9999
 22710.09, 22709.20, 22709.65,  410.289, 1933.908,   145.75,        1,        0,        0,        1,        0,  410.170, 1934.643,   127.75,   0.0005,    -9999
 22710.83, 22710.09, 22710.46,  410.285, 1933.916,   147.02,        1,        0,        0,        1,        0,  410.166, 1934.651,   129.02,   0.0004,    -9999
 22711.05, 22710.83, 22710.94,  410.284, 1933.918,   147.40,        1,        0,        0,        1,        0,  410.164, 1934.653,   129.40,   0.0005,    -9999
 22711.55, 22711.05, 22711.30,  410.278, 1933.923,   148.25,        1,        0,        0,        1,        0,  410.159, 1934.658,   130.25,   0.0007,    -9999
 22712.43, 22711.55, 22711.99,  410.268, 1933.820,   149.78,        1,        0,        0,        1,        0,  410.149, 1934.555,   131.78,   0.0010,    -9999
 22713.16, 22712.43, 22712.80,  410.260, 1933.736,   150.57,        1,        0,        0,        1,        0,  410.141, 1934.471,   132.57,   0.0013,    -9999
 22713.38, 22713.16, 22713.27,  410.258, 1933.712,   150.80,        1,        0,        0,        1,        0,  410.138, 1934.446,   132.80,   0.0013,    -9999
 22713.87, 22713.38, 22713.62,  410.252, 1933.655,   151.34,        1,        0,        0,        1,        0,  410.132, 1934.389,   133.34,   0.0015,    -9999
 22714.75, 22713.87, 22714.31,  410.241, 1933.710,   152.30,        1,        0,        0,        1,        0,  410.122, 1934.444,   134.30,   0.0019,    -9999
 22715.47, 22714.75, 22715.11,  410.232, 1933.755,   151.20,        1,        0,        0,        1,        0,  410.113, 1934.489,   133.20,   0.0022,    -9999
 22715.69, 22715.47, 22715.58,  410.230, 1933.768,   150.87,        1,        0,        0,        1,        0,  410.111, 1934.502,   132.87,   0.0022,    -9999
 22716.18, 22715.69, 22715.93,  410.240, 1933.799,   150.12,        1,        0,        0,        1,        0,  410.121, 1934.533,   132.12,   0.0022,    -9999
 22717.07, 22716.18, 22716.63,  410.258, 1933.834,   148.77,        1,        0,        0,        1,        0,  410.138, 1934.569,   130.77,   0.0021,    -9999
 22717.80, 22717.07, 22717.43,  410.272, 1933.863,   153.71,        1,        0,        0,        1,        0,  410.153, 1934.598,   135.71,   0.0021,    -9999
 22718.01, 22717.80, 22717.91,  410.276, 1933.872,   155.17,        1,        0,        0,        1,        0,  410.157, 1934.607,   137.17,   0.0021,    -9999
 22718.51, 22718.01, 22718.26,  410.273, 1933.891,   158.51,        1,        0,        0,        1,        0,  410.154, 1934.626,   140.51,   0.0020,    -9999
 22719.40, 22718.51, 22718.95,  410.267, 1934.161,   164.57,        1,        0,        0,        1,        0,  410.147, 1934.897,   146.57,   0.0018,    -9999
 22720.13, 22719.40, 22719.76,  410.262, 1934.382,   163.63,        1,        0,        0,        1,        0,  410.142, 1935.120,   145.63,   0.0016,    -9999
 22720.35, 22720.13, 22720.24,  410.260, 1934.449,   163.35,        1,        0,        0,        1,        0,  410.141, 1935.188,   145.35,   0.0016,    -9999
 22720.85, 22720.35, 22720.60,  410.251, 1934.601,   162.71,        1,        0,        0,        1,        0,  410.132, 1935.340,   144.71,   0.0016,    -9999
 22721.75, 22720.85, 22721.30,  410.236, 1934.679,   161.57,        1,        0,        0,        1,        0,  410.116, 1935.418,   143.57,   0.0015,    -9999
 22722.47, 22721.75, 22722.11,  410.223, 1934.743,   157.80,        1,        0,        0,        1,        0,  410.104, 1935.483,   139.80,   0.0015,    -9999
 22722.69, 22722.47, 22722.58,  410.219, 1934.761,   156.70,        1,        0,        0,        1,        0,  410.100, 1935.501,   138.70,   0.0014,    -9999
 22723.18, 22722.69, 22722.93,  410.220, 1934.805,   154.15,        1,        0,        0,        1,        0,  410.101, 1935.545,   136.15,   0.0012,    -9999
 22724.06, 22723.18, 22723.62,  410.221, 1934.940,   149.58,        1,        0,        0,        1,        0,  410.102, 1935.681,   131.58,   0.0009,    -9999
 22724.78, 22724.06, 22724.42,  410.222, 1935.050,   153.84,        1,        0,        0,        1,        0,  410.103, 1935.791,   135.84,   0.0006,    -9999
 22725.00, 22724.78, 22724.89,  410.222, 1935.082,   155.10,        1,        0,        0,        1,        0,  410.103, 1935.824,   137.10,   0.0007,    -9999
 22725.49, 22725.00, 22725.24,  410.219, 1935.158,   158.03,        1,        0,        0,        1,        0,  410.100, 1935.900,   140.03,   0.0008,    -9999
 22726.37, 22725.49, 22725.93,  410.213, 1935.320,   163.23,        1,        0,        0,        1,        0,  410.094, 1936.064,   145.23,   0.0009,    -9999
 22727.10, 22726.37, 22726.73,  410.208, 1935.456,   160.09,        1,        0,        0,        1,        0,  410.089, 1936.200,   142.09,   0.0011,    -9999
 22727.31, 22727.10, 22727.20,  410.206, 1935.495,   159.18,        1,        0,        0,        1,        0,  410.087, 1936.239,   141.18,   0.0011,    -9999
 22727.80, 22727.31, 22727.56,  410.200, 1935.586,   157.07,        1,        0,        0,        1,        0,  410.081, 1936.331,   139.07,   0.0012,    -9999
 22728.69, 22727.80, 22728.24,  410.188, 1935.795,   153.26,        1,        0,        0,        1,        0,  410.069, 1936.541,   135.26,   0.0013,    -9999
 22729.41, 22728.69, 22729.05,  410.178, 1935.966,   157.54,        1,        0,        0,        1,        0,  410.059, 1936.712,   139.54,   0.0014,    -9999
 22729.63, 22729.41, 22729.52,  410.175, 1936.017,   158.82,        1,        0,        0,        1,        0,  410.056, 1936.764,   140.82,   0.0015,    -9999
 22730.12, 22729.63, 22729.87,  410.169, 1936.133,   161.74,        1,        0,        0,        1,        0,  410.050, 1936.881,   143.74,   0.0018,    -9999
 22731.01, 22730.12, 22730.56,  410.158, 1936.469,   166.97,        1,        0,        0,        1,        0,  410.039, 1937.219,   148.97,   0.0022,    -9999
 22731.74, 22731.01, 22731.37,  410.149, 1936.748,   165.98,        1,        0,        0,        1,        0,  410.030, 1937.499,   147.98,   0.0026,    -9999
 22731.95, 22731.74, 22731.85,  410.147, 1936.829,   165.69,        1,        0,        0,        1,        0,  410.028, 1937.581,   147.69,   0.0024,    -9999
 22732.45, 22731.95, 22732.20,  410.146, 1937.017,   165.03,        1,        0,        0,        1,        0,  410.027, 1937.769,   147.03,   0.0020,    -9999
 22733.33, 22732.45, 22732.89,  410.146, 1937.141,   163.83,        1,        0,        0,        1,        0,  410.027, 1937.894,   145.83,   0.0013,    -9999
 22734.07, 22733.33, 22733.70,  410.145, 1937.243,   160.44,        1,        0,        0,        1,        0,  410.026, 1937.997,   142.44,   0.0007,    -9999
 22734.28, 22734.07, 22734.17,  410.145, 1937.273,   159.45,        1,        0,        0,        1,        0,  410.026, 1938.027,   141.45,   0.0008,    -9999
 22734.77, 22734.28, 22734.53,  410.138, 1937.342,   157.18,        1,        0,        0,        1,        0,  410.019, 1938.096,   139.18,   0.0011,    -9999
 22735.67, 22734.77, 22735.22,  410.124, 1937.578,   153.04,        1,        0,        0,        1,        0,  410.005, 1938.334,   135.04,   0.0015,    -9999
 22736.40, 22735.67, 22736.03,  410.113, 1937.771,   155.95,        1,        0,        0,        1,        0,  409.994, 1938.528,   137.95,   0.0019,    -9999
 22736.61, 22736.40, 22736.50,  410.110, 1937.828,   156.82,        1,        0,        0,        1,        0,  409.991, 1938.585,   138.82,   0.0019,    -9999
 22737.11, 22736.61, 22736.86,  410.109, 1937.959,   158.81,        1,        0,        0,        1,        0,  409.990, 1938.717,   140.81,   0.0018,    -9999
 22737.99, 22737.11, 22737.55,  410.106, 1938.115,   162.33,        1,        0,        0,        1,        0,  409.988, 1938.874,   144.33,   0.0016,    -9999
 22738.72, 22737.99, 22738.35,  410.105, 1938.245,   161.78,        1,        0,        0,        1,        0,  409.986, 1939.004,   143.78,   0.0015,    -9999
 22738.94, 22738.72, 22738.83,  410.104, 1938.283,   161.61,        1,        0,        0,        1,        0,  409.985, 1939.043,   143.61,   0.0015,    -9999
 22739.43, 22738.94, 22739.19,  410.100, 1938.371,   161.23,        1,        0,        0,        1,        0,  409.982, 1939.131,   143.23,   0.0016,    -9999
 22740.33, 22739.43, 22739.88,  410.094, 1938.561,   160.56,        1,        0,        0,        1,        0,  409.975, 1939.323,   142.56,   0.0018,    -9999
 22741.05, 22740.33, 22740.69,  410.089, 1938.715,   160.94,        1,        0,        0,        1,        0,  409.970, 1939.477,   142.94,   0.0020,    -9999
 22741.26, 22741.05, 22741.15,  410.087, 1938.761,   161.05,        1,        0,        0,        1,        0,  409.969, 1939.523,   143.05,   0.0020,    -9999
 22741.75, 22741.26, 22741.50,  410.079, 1938.865,   161.31,        1,        0,        0,        1,        0,  409.960, 1939.628,   143.31,   0.0019,    -9999
 22742.63, 22741.75, 22742.19,  410.064, 1938.960,   161.78,        1,        0,        0,        1,        0,  409.946, 1939.723,   143.78,   0.0017,    -9999
 22743.37, 22742.63, 22743.00,  410.052, 1939.038,   166.01,        1,        0,        0,        1,        0,  409.933, 1939.802,   148.01,   0.0015,    -9999
 22743.58, 22743.37, 22743.47,  410.048, 1939.061,   167.24,        1,        0,        0,        1,        0,  409.930, 1939.825,   149.24,   0.0015,    -9999
 22744.08, 22743.58, 22743.83,  410.051, 1939.114,   170.08,        1,        0,        0,        1,        0,  409.932, 1939.878,   152.08,   0.0016,    -9999
 22744.97, 22744.08, 22744.52,  410.054, 1939.217,   175.22,        1,        0,        0,        1,        0,  409.936, 1939.982,   157.22,   0.0016,    -9999
 22745.69, 22744.97, 22745.33,  410.057, 1939.300,   174.13,        1,        0,        0,        1,        0,  409.939, 1940.066,   156.13,   0.0016,    -9999
 22745.91, 22745.69, 22745.80,  410.058, 1939.325,   173.82,        1,        0,        0,        1,        0,  409.940, 1940.091,   155.82,   0.0016,    -9999
 22746.40, 22745.91, 22746.15,  410.058, 1939.382,   173.08,        1,        0,        0,        1,        0,  409.939, 1940.148,   155.08,   0.0015,    -9999
 22747.29, 22746.40, 22746.85,  410.058, 1939.547,   171.75,        1,        0,        0,        1,        0,  409.939, 1940.314,   153.75,   0.0014,    -9999
 22748.03, 22747.29, 22747.66,  410.057, 1939.682,   171.58,        1,        0,        0,        1,        0,  409.939, 1940.450,   153.58,   0.0012,    -9999
 22748.24, 22748.03, 22748.13,  410.057, 1939.722,   171.53,        1,        0,        0,        1,        0,  409.938, 1940.490,   153.53,   0.0012,    -9999
 22748.74, 22748.24, 22748.49,  410.050, 1939.814,   171.41,        1,        0,        0,        1,        0,  409.931, 1940.582,   153.41,   0.0011,    -9999
 22749.62, 22748.74, 22749.18,  410.036, 1939.950,   171.21,        1,        0,        0,        1,        0,  409.918, 1940.719,   153.21,   0.0009,    -9999
 22750.35, 22749.62, 22749.99,  410.026, 1940.061,   172.93,        1,        0,        0,        1,        0,  409.907, 1940.831,   154.93,   0.0008,    -9999
 22750.57, 22750.35, 22750.46,  410.022, 1940.094,   173.44,        1,        0,        0,        1,        0,  409.904, 1940.864,   155.44,   0.0008,    -9999
 22751.06, 22750.57, 22750.82,  410.028, 1940.170,   174.61,        1,        0,        0,        1,        0,  409.909, 1940.940,   156.61,   0.0008,    -9999
 22751.97, 22751.06, 22751.52,  410.037, 1940.313,   176.73,        1,        0,        0,        1,        0,  409.919, 1941.084,   158.73,   0.0008,    -9999
 22752.70, 22751.97, 22752.33,  410.045, 1940.429,   174.86,        1,        0,        0,        1,        0,  409.926, 1941.201,   156.86,   0.0008,    -9999
 22752.91, 22752.70, 22752.81,  410.047, 1940.464,   174.31,        1,        0,        0,        1,        0,  409.928, 1941.236,   156.31,   0.0010,    -9999
 22753.41, 22752.91, 22753.16,  410.047, 1940.542,   173.05,        1,        0,        0,        1,        0,  409.928, 1941.315,   155.05,   0.0014,    -9999
 22754.29, 22753.41, 22753.85,  410.047, 1940.716,   170.78,        1,        0,        0,        1,        0,  409.929, 1941.489,   152.78,   0.0022,    -9999
 22755.02, 22754.29, 22754.65,  410.047, 1940.858,   172.94,        1,        0,        0,        1,        0,  409.929, 1941.632,   154.94,   0.0028,    -9999
 22755.23, 22755.02, 22755.12,  410.047, 1940.899,   173.58,        1,        0,        0,        1,        0,  409.929, 1941.674,   155.58,   0.0028,    -9999
 22755.72, 22755.23, 22755.48,  410.044, 1940.996,   175.05,        1,        0,        0,        1,        0,  409.926, 1941.771,   157.05,   0.0028,    -9999
